x =[
  104,
  104,
  108,
  112,
  120,
  131,
  140,
  154,
  179,
  197,
  210,
  221,
  227,
  228,
  229,
  229,
  229,
  228,
  228,
  227,
  227,
  232,
  240,
  249,
  256,
  260,
  262,
  262,
  263,
  262,
  258,
  244,
  228,
  197,
  174,
  160,
  155,
  156,
  159,
  166,
  177,
  188,
  208,
  228,
  247,
  265,
  278,
  291,
  300,
  305,
  310,
  312,
  313,
  312,
  306,
  302,
  300,
  297,
  296,
  296,
  296,
  296,
  297,
  300,
  305,
  308,
  315,
  321,
  329,
  335,
  347,
  352,
  354,
  356,
  357,
  357,
  357,
  357,
  355,
  352,
  348,
  346,
  345,
  345,
  345,
  347,
  350,
  354,
  360,
  370,
  375,
  380,
  382,
  383,
  383,
  384,
  384,
  386,
  387,
  388,
  388,
  388,
  388,
  389,
  390,
  392,
  396,
  399,
  402,
  407,
  412,
  419,
  423,
  426,
  426,
  426,
  426,
  425,
  424,
  423,
  423,
  423,
  425,
  428,
  434,
  442,
  452,
  464,
  476,
  483,
  487,
  488,
  488,
  488,
  488,
  487,
  486,
  485,
  485,
  486,
  492,
  504,
  524,
  550,
  554
]
y = [
  454,
  454,
  454,
  454,
  450,
  443,
  435,
  417,
  381,
  344,
  306,
  270,
  250,
  236,
  228,
  226,
  229,
  239,
  249,
  271,
  294,
  322,
  347,
  375,
  395,
  409,
  414,
  416,
  417,
  417,
  414,
  405,
  397,
  384,
  376,
  372,
  371,
  371,
  371,
  372,
  372,
  372,
  370,
  366,
  356,
  341,
  328,
  309,
  288,
  270,
  253,
  242,
  239,
  244,
  258,
  274,
  294,
  316,
  335,
  356,
  375,
  390,
  400,
  410,
  415,
  418,
  418,
  419,
  419,
  417,
  406,
  400,
  392,
  386,
  380,
  374,
  371,
  370,
  374,
  378,
  386,
  394,
  402,
  407,
  411,
  414,
  414,
  412,
  407,
  395,
  385,
  375,
  370,
  370,
  371,
  377,
  385,
  394,
  403,
  410,
  414,
  417,
  418,
  416,
  411,
  403,
  392,
  385,
  377,
  372,
  368,
  366,
  366,
  369,
  379,
  388,
  398,
  404,
  410,
  411,
  410,
  403,
  394,
  386,
  375,
  366,
  361,
  358,
  358,
  358,
  362,
  367,
  374,
  379,
  387,
  396,
  405,
  412,
  416,
  419,
  422,
  422,
  422,
  415,
  414
]
time = [
  1575831740576,
  1575831740576,
  1575831740597,
  1575831740607,
  1575831740626,
  1575831740642,
  1575831740657,
  1575831740674,
  1575831740693,
  1575831740708,
  1575831740726,
  1575831740743,
  1575831740759,
  1575831740776,
  1575831740793,
  1575831740808,
  1575831740842,
  1575831740857,
  1575831740874,
  1575831740892,
  1575831740907,
  1575831740926,
  1575831740942,
  1575831740959,
  1575831740975,
  1575831740992,
  1575831741007,
  1575831741025,
  1575831741040,
  1575831741080,
  1575831741090,
  1575831741109,
  1575831741124,
  1575831741141,
  1575831741158,
  1575831741174,
  1575831741192,
  1575831741233,
  1575831741242,
  1575831741260,
  1575831741275,
  1575831741293,
  1575831741309,
  1575831741326,
  1575831741341,
  1575831741359,
  1575831741374,
  1575831741392,
  1575831741409,
  1575831741426,
  1575831741442,
  1575831741459,
  1575831741475,
  1575831741510,
  1575831741527,
  1575831741542,
  1575831741558,
  1575831741575,
  1575831741591,
  1575831741608,
  1575831741627,
  1575831741642,
  1575831741658,
  1575831741675,
  1575831741693,
  1575831741708,
  1575831741726,
  1575831741742,
  1575831741758,
  1575831741775,
  1575831741809,
  1575831741825,
  1575831741841,
  1575831741859,
  1575831741874,
  1575831741891,
  1575831741907,
  1575831741926,
  1575831741957,
  1575831741974,
  1575831741992,
  1575831742008,
  1575831742025,
  1575831742041,
  1575831742057,
  1575831742074,
  1575831742091,
  1575831742109,
  1575831742124,
  1575831742142,
  1575831742159,
  1575831742174,
  1575831742192,
  1575831742225,
  1575831742242,
  1575831742257,
  1575831742274,
  1575831742292,
  1575831742307,
  1575831742325,
  1575831742341,
  1575831742358,
  1575831742373,
  1575831742423,
  1575831742442,
  1575831742457,
  1575831742473,
  1575831742490,
  1575831742507,
  1575831742525,
  1575831742541,
  1575831742557,
  1575831742574,
  1575831742590,
  1575831742608,
  1575831742623,
  1575831742642,
  1575831742657,
  1575831742675,
  1575831742690,
  1575831742739,
  1575831742759,
  1575831742775,
  1575831742790,
  1575831742809,
  1575831742825,
  1575831742842,
  1575831742857,
  1575831742876,
  1575831742891,
  1575831742908,
  1575831742923,
  1575831742942,
  1575831742958,
  1575831742975,
  1575831742990,
  1575831743007,
  1575831743023,
  1575831743040,
  1575831743058,
  1575831743074,
  1575831743092,
  1575831743108,
  1575831743125,
  1575831743126
]

